-0.00127251 0.000734676 0.0122907
-0.00256353 -1.0447e-05 0.0122903
-0.00127273 0.00222529 0.0122902
-3.71619e-05 2.14553e-05 0.0126448
-0.00528555 -0.00158054 0.0120864
-0.00407878 0.00078855 0.0126244
-0.00396004 -0.000815219 0.0124687
-0.00292102 -0.00146113 0.0129812
-0.00127401 0.00536769 0.0120863
-0.00127407 0.00383711 0.0124687
-0.00272228 0.00313805 0.0126244
-0.000195134 0.00326024 0.0129812
-0.00016797 0.00172232 0.0135737
-0.00157554 -0.000715713 0.0135737
-0.00161793 0.000934114 0.0133659
-0.00277433 0.00160176 0.0134092
-0.0117828 -0.00529396 0.0102903
-0.0113645 -0.00245019 0.011789
-0.010545 -0.00457957 0.0116344
-0.0103763 -0.00485925 0.0121169
-0.0092795 0.00346953 0.013422
-0.00890255 0.00129836 0.0138183
-0.010549 0.000507382 0.0128823
-0.0087063 0.00111928 0.0143378
-0.00757695 -0.00286767 0.0134187
-0.00900174 -0.00369022 0.012505
-0.00819888 -0.000835692 0.0135682
-0.00712509 -0.00319446 0.0139532
-0.00928503 -0.00423804 0.0138321
-0.00987884 -0.00194486 0.0136755
-0.00837993 -0.00113631 0.0149271
-0.0104534 -0.00178481 0.0136984
-0.0013066 0.0128511 0.0102904
-0.0013066 0.011422 0.0116342
-0.00356027 0.011067 0.011789
-0.000979786 0.0114157 0.012117
-0.00130482 0.0079955 0.0134187
-0.00337582 0.00751834 0.0135683
-0.00130506 0.00964087 0.012505
-0.000796076 0.00776776 0.0139532
-0.00764441 0.0063014 0.013422
-0.00571373 0.00888191 0.0128824
-0.00557574 0.0070607 0.0138183
-0.00532232 0.00698017 0.014338
-0.00325506 0.00952764 0.0136755
-0.000972365 0.0101601 0.013832
-0.00320603 0.00782538 0.014927
-0.00368117 0.00994533 0.0136983
-0.000899155 0.0071362 0.0175406
-0.00296903 0.00395251 0.018316
-0.00331489 0.00637295 0.0173161
-0.00372895 0.006698 0.0175447
-0.00662993 -0.00278932 0.0175407
-0.00717648 -0.000315801 0.0173159
-0.00490748 0.000594995 0.018316
-0.00766521 -0.000119668 0.0175447
-0.00752774 0.00434614 0.0155749
-0.00545713 0.00531576 0.0163767
-0.00733214 0.00206812 0.0163767
-0.00822809 0.00475049 0.0155565
-0.00638497 0.00604822 0.0176289
-0.00591371 0.00341428 0.0182313
-0.0084304 0.00250543 0.0176289
-0.00570364 0.003293 0.0187751
-0.0108838 -0.00481422 -0.00340416
-0.0113136 -0.00357194 -0.00410662
-0.0113135 -0.00506233 -0.00199868
-0.0103491 -0.00593225 -0.00419472
-0.012055 -0.000856623 -0.00551886
-0.0125748 -0.00255028 -0.00346467
-0.0119255 -0.00231245 -0.00492485
-0.011638 -0.00334619 -0.00570466
-0.0120549 -0.00548866 0.00103203
-0.0119255 -0.00541404 -0.000538675
-0.0125748 -0.00411676 -0.00124957
-0.011638 -0.00649372 -0.0012533
-0.0116641 -0.00654025 -0.00290068
-0.0116642 -0.00491501 -0.00519937
-0.0119917 -0.0050553 -0.00357458
-0.0127982 -0.00418549 -0.00295952
-0.0127653 0.00623568 -0.00842135
-0.0146006 0.00469285 -0.00623967
-0.0134501 0.00441119 -0.00819569
-0.0136789 0.00408396 -0.00862038
-0.0166003 0.00113058 -0.00120293
-0.0161088 0.000979388 -0.00338194
-0.0159392 0.00297837 -0.0038158
-0.0163831 0.000594174 -0.00372409
-0.013917 0.000713936 -0.00717664
-0.0136458 0.00251586 -0.00764743
-0.0149368 0.000843561 -0.00531061
-0.0140332 0.000125287 -0.0076628
-0.0147131 0.00222704 -0.00860623
-0.0155438 0.00243281 -0.00639202
-0.01605 0.000409901 -0.00604696
-0.0158962 0.00289305 -0.00624877
-0.0127651 -0.00586101 0.00868606
-0.01345 -0.00625658 0.00689079
-0.0146005 -0.00431848 0.00650448
-0.0136787 -0.00676585 0.00672387
-0.0139168 -0.00652824 0.00306541
-0.0149369 -0.0047257 0.00256568
-0.013646 -0.00637167 0.0049211
-0.0140333 -0.00718292 0.00267257
-0.0166003 -0.000757222 0.00146703
-0.0159394 -0.00260482 0.00407999
-0.0161087 -0.002862 0.00205081
-0.0163831 -0.00331301 0.00180169
-0.015544 -0.00521557 0.0044244
-0.014713 -0.00737168 0.00496835
-0.0160498 -0.0055644 0.00240222
-0.0158961 -0.00492702 0.00481047
-0.0168315 -0.00867946 0.000881151
-0.0175806 -0.00672186 -0.00237883
-0.0176357 -0.00635427 0.000236445
-0.0181232 -0.0061577 0.000466649
-0.0168315 -0.00206223 -0.00847668
-0.0176356 -0.00189513 -0.00606967
-0.0175805 -0.00448336 -0.00554436
-0.0181232 -0.00161244 -0.00596097
-0.0177352 -0.00154728 -0.00109409
-0.0176348 -0.00387993 -0.000447079
-0.0176347 -0.00171481 -0.003509
-0.0181874 -0.000999305 -0.000706614
-0.0193324 -0.00378886 -0.00017399
-0.0188285 -0.00404192 -0.00285807
-0.0193324 -0.00142697 -0.00351417
-0.0191322 -0.00446002 -0.00315371
-0.00127233 0.0118328 -0.00340433
-0.00127274 0.0123291 -0.00199862
-0.00256352 0.0115838 -0.00410653
-3.71379e-05 0.0119287 -0.00419466
-0.00127418 0.0131843 0.00103209
-0.00272215 0.0129485 -0.00124954
-0.00127395 0.0130347 -0.000538694
-0.000195235 0.0133255 -0.00125327
-0.00528568 0.0108681 -0.00551872
-0.00396006 0.011484 -0.00492478
-0.00407867 0.0121652 -0.00346479
-0.00292103 0.0117517 -0.00570448
-0.00157569 0.012559 -0.00519929
-0.000167955 0.0133716 -0.00290068
-0.00161771 0.0129129 -0.00357474
-0.00277447 0.0131764 -0.00295954
-0.00130663 0.0139855 0.00868616
-0.00356035 0.0148039 0.00650447
-0.00130662 0.0147764 0.00689086
-0.000979827 0.0152293 0.00672391
-0.00764434 0.0147549 0.00146704
-0.00557592 0.0153817 0.00205091
-0.0057138 0.0151062 0.00407997
-0.00532237 0.0158447 0.00180168
-0.00130484 0.0153165 0.00306549
-0.00130499 0.0150035 0.00492115
-0.00337581 0.0152984 0.00256567
-0.000796039 0.0157445 0.00267256
-0.000972404 0.0164277 0.00496846
-0.00325514 0.0160692 0.00442439
-0.00320606 0.0166818 0.00240232
-0.00368115 0.0162299 0.00481054
-0.0117827 0.00793715 -0.00842139
-0.0105453 0.00944245 -0.00819572
-0.0113644 0.010298 -0.00623965
-0.0103761 0.00980422 -0.00862041
-0.00757682 0.0116954 -0.00717661
-0.00819898 0.0125139 -0.00531064
-0.00900173 0.0105598 -0.0076475
-0.00712511 0.0120905 -0.00766288
-0.00927936 0.013811 -0.00120294
-0.010549 0.0123146 -0.00381573
-0.00890261 0.0134609 -0.00338184
-0.00870617 0.013891 -0.003724
-0.00987883 0.012245 -0.00639205
-0.00928529 0.0116285 -0.00860633
-0.00838001 0.0136947 -0.0060469
-0.0104536 0.01232 -0.00624878
-0.00662978 0.0156077 -0.00847668
-0.00490772 0.017467 -0.00554438
-0.0071766 0.0162206 -0.00606969
-0.00766521 0.0165015 -0.005961
-0.000899156 0.0189165 0.00088127
-0.00331485 0.0184501 0.000236403
-0.00296918 0.0185863 -0.00237868
-0.00372906 0.0187743 0.000466731
-0.00752765 0.0161329 -0.0010941
-0.00733225 0.0161295 -0.00350891
-0.00545728 0.017212 -0.000447118
-0.00822816 0.0162503 -0.00070665
-0.00843045 0.017456 -0.00351408
-0.00591397 0.0183268 -0.00285788
-0.006385 0.0186368 -0.000174053
-0.0057037 0.018799 -0.0031536
-0.00530116 0.031076 0.0219742
-0.0106494 0.0273568 0.0258917
-0.0106495 0.0335299 0.0171619
-0.00582231 0.032244 0.0228001
-0.0212537 0.0169595 0.0314818
-0.0229583 0.0249711 0.0243279
-0.0163163 0.0231433 0.0298092
-0.0187753 0.0231487 0.0303946
-0.0212536 0.0353344 0.00549578
-0.0163163 0.0358187 0.0118834
-0.0229583 0.0312603 0.015434
-0.0187753 0.0363726 0.0116935
-0.0138131 0.0384989 0.0196364
-0.0138131 0.0313463 0.0297519
-0.0204387 0.0324538 0.0229483
-0.0192035 0.0345178 0.0244079
-0.0295631 -0.0109469 0.0219738
-0.0343625 -0.00754249 0.0171618
-0.0290164 -0.00445585 0.0258917
-0.0308352 -0.01108 0.0227999
-0.0412274 0.000738899 0.00549566
-0.0385514 0.00425209 0.0154339
-0.0391779 -0.0037791 0.0118834
-0.040887 -0.00192649 0.0116934
-0.0253141 0.00992623 0.0314817
-0.0282008 0.00255875 0.0298092
-0.0331046 0.00739674 0.0243279
-0.0294349 0.0046854 0.0303946
-0.0340534 -0.00371063 0.0297519
-0.0402479 -0.00728703 0.0196363
-0.0383251 0.00147328 0.0229483
-0.0394954 -0.000628168 0.0244079
-0.0295633 0.0170683 -0.0176456
-0.0290165 0.0229257 -0.0128314
-0.0343624 0.013666 -0.0128314
-0.0308354 0.0178027 -0.0180461
-0.0253144 0.0329901 -0.00113502
-0.033105 0.0254024 -0.00113537
-0.0282008 0.0289572 -0.0075239
-0.0294352 0.0302182 -0.00571374
-0.0412274 0.00542767 -0.00113498
-0.0391782 0.00994413 -0.00752415
-0.0385513 0.0159685 -0.00113543
-0.0408872 0.0103825 -0.00571384
-0.040248 0.0160842 -0.0134157
-0.0340533 0.0268134 -0.0134155
-0.0383254 0.0221272 -0.00626015
-0.0394952 0.0228026 -0.00872803
-0.0387788 0.0505372 0.00587945
-0.0415893 0.0445482 0.021227
-0.050986 0.039123 0.00588174
-0.0451122 0.0481754 0.0105929
-0.0387786 0.0223888 0.0456873
-0.0509861 0.0185865 0.0349251
-0.0415894 0.034862 0.034925
-0.0451124 0.0260456 0.0418895
-0.0631562 0.0083146 0.00587933
-0.0593743 0.0245936 0.00588186
-0.0593746 0.0137433 0.0212268
-0.0642773 0.0149806 0.0105929
-0.0642821 0.0371132 0.0128362
-0.0533354 0.0434334 0.0307125
-0.0642821 0.0244732 0.0307123
-0.0642821 0.0371132 0.0262434
0.00961117 -0.005549 -0.00548242
0.0100408 -0.00430659 -0.00618469
0.00875 -0.00654234 -0.00618482
0.0103118 -0.00595353 -0.00425512
0.0107807 -0.00159217 -0.00759931
0.00985253 -0.00412197 -0.00791007
0.0106514 -0.00304803 -0.0070054
0.0114426 -0.00345886 -0.00602329
0.00676935 -0.00854038 -0.00759933
0.0079654 -0.00770033 -0.00700525
0.00849598 -0.00647152 -0.00791
0.00871682 -0.0081802 -0.00602326
0.0100885 -0.00745002 -0.00547366
0.0114961 -0.00501193 -0.00547374
0.0103739 -0.00598935 -0.00621644
0.0100239 -0.00578728 -0.00749022
0.0114585 0.00548123 -0.0105551
0.0110402 0.00263737 -0.0120536
0.0121434 0.0036568 -0.0103294
0.0126988 0.00351823 -0.0102203
0.00895589 -0.00328273 -0.0136862
0.0105329 -0.00223963 -0.0124871
0.0102255 -0.000320553 -0.0131465
0.0110608 -0.00247856 -0.0124156
0.0126122 -3.9394e-05 -0.00930741
0.0123408 0.0017624 -0.00977856
0.011561 -0.00110541 -0.0108233
0.0132371 -0.000334275 -0.00896276
0.0137407 0.00166565 -0.0101942
0.0122888 0.000553446 -0.0117077
0.0128438 -0.00144099 -0.0112822
0.012215 0.000767766 -0.0122601
0.000982284 -0.0126639 -0.0105552
0.00290489 -0.0123449 -0.0103292
0.00323598 -0.0108799 -0.0120538
0.00330243 -0.0127568 -0.0102206
0.00634009 -0.0109027 -0.00930766
0.00673795 -0.00945945 -0.0108233
0.00464412 -0.0115687 -0.00977857
0.00690818 -0.0112966 -0.00896273
0.00732095 -0.00611463 -0.013686
0.00539044 -0.00869534 -0.0131465
0.00720611 -0.00800192 -0.012487
0.00767695 -0.00833957 -0.0124155
0.00566522 -0.0109192 -0.0117078
0.00542789 -0.0127325 -0.010194
0.00766992 -0.0104026 -0.0112823
0.00544267 -0.0109623 -0.01226
0.0102017 -0.0125071 -0.0099453
0.0126729 -0.00955513 -0.010393
0.0104592 -0.0104977 -0.0114828
0.0104581 -0.0105831 -0.0120505
0.0159324 -0.00258147 -0.00994497
0.0143209 -0.00380907 -0.0114829
0.0146115 -0.00619752 -0.0103928
0.0143943 -0.00376546 -0.0120503
0.0102075 -0.00589336 -0.0133866
0.0103025 -0.00811325 -0.0124206
0.0121775 -0.00486559 -0.0124205
0.00995913 -0.00574996 -0.0141432
0.0109021 -0.00865625 -0.0139407
0.0129145 -0.00745625 -0.0125153
0.0129476 -0.00511343 -0.0139408
0.0134287 -0.00775315 -0.0124677
0 0.0110983 -0.00548209
-0.00129081 0.0108489 -0.00618481
0.00129081 0.0108489 -0.00618481
0 0.0119072 -0.00425519
-0.00401162 0.0101327 -0.00759951
-0.00135653 0.0105938 -0.0079101
-0.00268597 0.0107484 -0.00700538
-0.00272587 0.0116393 -0.00602337
0.00401162 0.0101327 -0.00759951
0.00268597 0.0107484 -0.00700538
0.00135653 0.0105938 -0.0079101
0.00272587 0.0116393 -0.00602337
0.00140763 0.0124619 -0.00547379
-0.00140763 0.0124619 -0.00547379
0 0.0119789 -0.00621652
0 0.0115745 -0.00749027
-0.0104762 0.00718283 -0.010555
-0.00780419 0.00824245 -0.0120538
-0.00923871 0.00868812 -0.0103295
-0.00939646 0.00923849 -0.0102204
-0.00163496 0.00939749 -0.0136863
-0.00332694 0.0102418 -0.0124872
-0.00483526 0.00901598 -0.0131465
-0.00338395 0.0108184 -0.0124157
-0.00627198 0.0109421 -0.00930749
-0.00769678 0.00980639 -0.00977864
-0.00482321 0.0105649 -0.0108234
-0.00632916 0.011631 -0.00896289
-0.00831287 0.011067 -0.0101942
-0.00662371 0.0103658 -0.0117078
-0.00517398 0.0118436 -0.0112823
-0.00677236 0.0101946 -0.01226
0.0104762 0.00718283 -0.010555
0.0092387 0.00868812 -0.0103295
0.00780419 0.00824245 -0.0120538
0.00939646 0.00923849 -0.0102204
0.00627198 0.0109421 -0.00930749
0.00482321 0.0105649 -0.0108234
0.00769678 0.00980639 -0.00977864
0.00632916 0.011631 -0.00896289
0.00163496 0.00939749 -0.0136863
0.00483526 0.00901598 -0.0131465
0.00332694 0.0102418 -0.0124872
0.00338395 0.0108184 -0.0124157
0.00662371 0.0103658 -0.0117078
0.00831287 0.011067 -0.0101942
0.00517398 0.0118436 -0.0112823
0.00677236 0.0101946 -0.01226
0.00573063 0.0150886 -0.00994514
0.00193853 0.0157529 -0.0103928
0.0038618 0.0143068 -0.011483
0.00393627 0.0143487 -0.0120505
-0.00573063 0.0150886 -0.00994514
-0.0038618 0.0143068 -0.011483
-0.00193853 0.0157529 -0.0103928
-0.00393627 0.0143487 -0.0120505
0 0.0117866 -0.0133867
0.00187508 0.0129789 -0.0124205
-0.00187508 0.0129789 -0.0124205
0 0.0114998 -0.0141431
0.0020455 0.0137696 -0.013941
0 0.0149126 -0.0125152
-0.0020455 0.0137696 -0.013941
0 0.0155062 -0.0124678
-0.00961117 -0.005549 -0.00548242
-0.00875 -0.00654234 -0.00618482
-0.0100408 -0.00430659 -0.00618469
-0.0103118 -0.00595353 -0.00425512
-0.00676935 -0.00854038 -0.00759933
-0.00849598 -0.00647152 -0.00791
-0.0079654 -0.00770033 -0.00700525
-0.00871682 -0.0081802 -0.00602326
-0.0107807 -0.00159217 -0.00759931
-0.0106514 -0.00304803 -0.0070054
-0.00985253 -0.00412197 -0.00791007
-0.0114426 -0.00345886 -0.00602329
-0.0114961 -0.00501193 -0.00547374
-0.0100885 -0.00745002 -0.00547366
-0.0103739 -0.00598935 -0.00621644
-0.0100239 -0.00578728 -0.00749022
-0.000982284 -0.0126639 -0.0105552
-0.00323598 -0.0108799 -0.0120538
-0.00290489 -0.0123449 -0.0103292
-0.00330243 -0.0127568 -0.0102206
-0.00732095 -0.00611463 -0.013686
-0.00720611 -0.00800192 -0.012487
-0.00539044 -0.00869534 -0.0131465
-0.00767695 -0.00833957 -0.0124155
-0.00634009 -0.0109027 -0.00930766
-0.00464412 -0.0115687 -0.00977857
-0.00673795 -0.00945945 -0.0108233
-0.00690818 -0.0112966 -0.00896273
-0.00542789 -0.0127325 -0.010194
-0.00566522 -0.0109192 -0.0117078
-0.00766992 -0.0104026 -0.0112823
-0.00544267 -0.0109623 -0.01226
-0.0114585 0.00548123 -0.0105551
-0.0121434 0.0036568 -0.0103294
-0.0110402 0.00263737 -0.0120536
-0.0126988 0.00351823 -0.0102203
-0.0126122 -3.9394e-05 -0.00930741
-0.011561 -0.00110541 -0.0108233
-0.0123408 0.0017624 -0.00977856
-0.0132371 -0.000334275 -0.00896276
-0.00895589 -0.00328273 -0.0136862
-0.0102255 -0.000320553 -0.0131465
-0.0105329 -0.00223963 -0.0124871
-0.0110608 -0.00247856 -0.0124156
-0.0122888 0.000553446 -0.0117077
-0.0137407 0.00166565 -0.0101942
-0.0128438 -0.00144099 -0.0112822
-0.012215 0.000767766 -0.0122601
-0.0159324 -0.00258147 -0.00994497
-0.0146115 -0.00619752 -0.0103928
-0.0143209 -0.00380907 -0.0114829
-0.0143943 -0.00376546 -0.0120503
-0.0102017 -0.0125071 -0.00994529
-0.0104592 -0.0104977 -0.0114828
-0.0126729 -0.00955513 -0.010393
-0.0104581 -0.0105831 -0.0120505
-0.0102075 -0.00589336 -0.0133866
-0.0121775 -0.00486559 -0.0124205
-0.0103025 -0.00811325 -0.0124206
-0.00995913 -0.00574996 -0.0141432
-0.0129476 -0.00511343 -0.0139408
-0.0129145 -0.00745625 -0.0125153
-0.0109021 -0.00865625 -0.0139407
-0.0134287 -0.00775315 -0.0124677
-0 -0.0280154 -0.0263027
0.00534599 -0.0242952 -0.030222
-0.00534599 -0.0242952 -0.030222
0 -0.0288829 -0.0275538
0.0159133 -0.0138762 -0.0358424
0.00544667 -0.014861 -0.0386265
0.0109773 -0.0200608 -0.0341685
0.0114522 -0.0189208 -0.0363742
-0.0159133 -0.0138762 -0.0358424
-0.0109773 -0.0200608 -0.0341685
-0.00544667 -0.014861 -0.0386265
-0.0114522 -0.0189208 -0.0363742
-0.00619443 -0.0269478 -0.0359724
0.00619443 -0.0269478 -0.0359724
0 -0.020654 -0.0396369
0 -0.0234309 -0.0400877
0.0242621 0.0140077 -0.0263026
0.0183673 0.0167775 -0.0302222
0.0237133 0.00751776 -0.030222
0.0250134 0.0144414 -0.0275539
0.00406045 0.0207195 -0.0358424
0.0101467 0.0121474 -0.0386264
0.0118847 0.0195371 -0.0341684
0.0106598 0.0193782 -0.0363739
0.0199741 -0.0068432 -0.0358426
0.0228619 0.000523802 -0.0341684
0.0155933 0.0027136 -0.0386263
0.0221121 -0.000457472 -0.036374
0.0264349 0.00810935 -0.0359727
0.0202405 0.0188387 -0.0359727
0.0178869 0.010327 -0.0396369
0.020292 0.0117156 -0.0400881
-0.0242621 0.0140077 -0.0263026
-0.0237133 0.00751776 -0.030222
-0.0183673 0.0167775 -0.0302222
-0.0250134 0.0144414 -0.0275539
-0.0199741 -0.0068432 -0.0358426
-0.0155933 0.0027136 -0.0386263
-0.0228619 0.000523802 -0.0341684
-0.0221121 -0.000457472 -0.036374
-0.00406045 0.0207195 -0.0358424
-0.0118847 0.0195371 -0.0341684
-0.0101467 0.0121474 -0.0386264
-0.0106598 0.0193782 -0.0363739
-0.0202405 0.0188387 -0.0359727
-0.0264349 0.00810935 -0.0359727
-0.0178869 0.010327 -0.0396369
-0.020292 0.0117156 -0.0400881
-0.0243777 -0.0140745 -0.0574467
-0.00838864 -0.0156937 -0.0620338
-0.0177854 0.000582081 -0.0620338
-0.0191654 -0.0110651 -0.0630758
0.0243777 -0.0140745 -0.0574467
0.0177854 0.00058208 -0.0620338
0.00838864 -0.0156937 -0.0620338
0.0191654 -0.0110651 -0.0630758
0 0.028149 -0.0574466
-0.00939687 0.0151116 -0.0620338
0.00939687 0.0151116 -0.0620338
0 0.0221303 -0.0630756
-0.0109468 0.00632014 -0.0742611
-0 -0.0126403 -0.0742609
0.0109468 0.00632014 -0.0742611
0 0 -0.0787302
0.00127251 0.000734676 0.0122907
0.00127273 0.00222529 0.0122902
0.00256353 -1.0447e-05 0.0122903
3.71619e-05 2.14553e-05 0.0126448
0.00127401 0.00536769 0.0120863
0.00272228 0.00313805 0.0126244
0.00127407 0.00383711 0.0124687
0.000195134 0.00326024 0.0129812
0.00528555 -0.00158054 0.0120864
0.00396004 -0.000815219 0.0124687
0.00407878 0.00078855 0.0126244
0.00292102 -0.00146113 0.0129812
0.00157554 -0.000715713 0.0135737
0.00016797 0.00172232 0.0135737
0.00161793 0.000934114 0.0133659
0.00277433 0.00160176 0.0134092
0.0013066 0.0128511 0.0102904
0.00356027 0.011067 0.011789
0.0013066 0.011422 0.0116342
0.000979786 0.0114157 0.012117
0.00764441 0.0063014 0.013422
0.00557574 0.0070607 0.0138183
0.00571373 0.00888191 0.0128824
0.00532232 0.00698017 0.014338
0.00130482 0.0079955 0.0134187
0.00130506 0.00964087 0.012505
0.00337583 0.00751834 0.0135683
0.000796076 0.00776776 0.0139532
0.000972365 0.0101601 0.013832
0.00325506 0.00952764 0.0136755
0.00320603 0.00782538 0.014927
0.00368117 0.00994533 0.0136983
0.0117828 -0.00529396 0.0102903
0.010545 -0.00457957 0.0116344
0.0113645 -0.00245019 0.011789
0.0103763 -0.00485925 0.0121169
0.00757695 -0.00286767 0.0134187
0.00819888 -0.000835692 0.0135682
0.00900174 -0.00369022 0.012505
0.00712509 -0.00319446 0.0139532
0.0092795 0.00346953 0.013422
0.010549 0.000507382 0.0128823
0.00890255 0.00129836 0.0138183
0.0087063 0.00111928 0.0143378
0.00987884 -0.00194486 0.0136755
0.00928503 -0.00423804 0.0138321
0.00837993 -0.00113631 0.0149271
0.0104534 -0.00178481 0.0136984
0.00662993 -0.00278932 0.0175407
0.00490748 0.000594995 0.018316
0.00717648 -0.000315801 0.0173159
0.00766521 -0.000119668 0.0175447
0.000899156 0.0071362 0.0175406
0.00331489 0.00637295 0.0173161
0.00296903 0.00395251 0.018316
0.00372895 0.006698 0.0175447
0.00752774 0.00434614 0.0155749
0.00733214 0.00206812 0.0163767
0.00545713 0.00531576 0.0163767
0.00822809 0.00475049 0.0155565
0.0084304 0.00250543 0.0176289
0.00591371 0.00341428 0.0182313
0.00638497 0.00604822 0.0176289
0.00570364 0.003293 0.0187751
0.00127233 0.0118328 -0.00340433
0.00256352 0.0115838 -0.00410653
0.00127273 0.0123291 -0.00199862
3.71379e-05 0.0119287 -0.00419466
0.00528568 0.0108681 -0.00551872
0.00407867 0.0121652 -0.00346479
0.00396006 0.011484 -0.00492478
0.00292103 0.0117517 -0.00570448
0.00127418 0.0131843 0.00103209
0.00127395 0.0130347 -0.000538694
0.00272215 0.0129485 -0.00124954
0.000195235 0.0133255 -0.00125327
0.000167955 0.0133716 -0.00290068
0.00157569 0.012559 -0.00519929
0.00161771 0.0129129 -0.00357474
0.00277447 0.0131764 -0.00295954
0.0117827 0.00793715 -0.00842139
0.0113644 0.010298 -0.00623965
0.0105453 0.00944245 -0.00819572
0.0103761 0.00980422 -0.00862041
0.00927936 0.013811 -0.00120294
0.00890261 0.0134609 -0.00338184
0.010549 0.0123146 -0.00381573
0.00870617 0.013891 -0.003724
0.00757682 0.0116954 -0.00717661
0.00900173 0.0105598 -0.0076475
0.00819898 0.0125139 -0.00531064
0.00712511 0.0120905 -0.00766288
0.00928529 0.0116284 -0.00860633
0.00987883 0.012245 -0.00639205
0.00838001 0.0136947 -0.0060469
0.0104536 0.01232 -0.00624878
0.00130663 0.0139855 0.00868616
0.00130662 0.0147764 0.00689086
0.00356035 0.0148039 0.00650447
0.000979827 0.0152293 0.00672391
0.00130484 0.0153165 0.00306549
0.00337581 0.0152984 0.00256567
0.00130499 0.0150035 0.00492115
0.000796039 0.0157445 0.00267256
0.00764434 0.0147549 0.00146704
0.0057138 0.0151062 0.00407997
0.00557592 0.0153817 0.00205091
0.00532237 0.0158447 0.00180168
0.00325514 0.0160692 0.00442439
0.000972404 0.0164277 0.00496846
0.00320606 0.0166818 0.00240232
0.00368115 0.0162299 0.00481054
0.000899156 0.0189165 0.00088127
0.00296918 0.0185863 -0.00237868
0.00331485 0.0184501 0.000236403
0.00372906 0.0187743 0.000466731
0.00662978 0.0156077 -0.00847669
0.0071766 0.0162206 -0.00606969
0.00490772 0.017467 -0.00554438
0.00766521 0.0165015 -0.005961
0.00752765 0.0161329 -0.0010941
0.00545728 0.017212 -0.000447118
0.00733225 0.0161295 -0.00350891
0.00822816 0.0162503 -0.00070665
0.006385 0.0186368 -0.000174053
0.00591396 0.0183268 -0.00285788
0.00843045 0.017456 -0.00351408
0.0057037 0.018799 -0.0031536
0.0108838 -0.00481422 -0.00340416
0.0113135 -0.00506233 -0.00199868
0.0113136 -0.00357194 -0.00410662
0.0103491 -0.00593225 -0.00419472
0.0120549 -0.00548866 0.00103203
0.0125748 -0.00411676 -0.00124957
0.0119255 -0.00541404 -0.000538675
0.011638 -0.00649372 -0.0012533
0.012055 -0.000856623 -0.00551886
0.0119255 -0.00231245 -0.00492485
0.0125748 -0.00255028 -0.00346467
0.011638 -0.00334619 -0.00570466
0.0116642 -0.00491501 -0.00519937
0.0116641 -0.00654025 -0.00290068
0.0119917 -0.0050553 -0.00357458
0.0127982 -0.00418549 -0.00295952
0.0127651 -0.00586101 0.00868606
0.0146005 -0.00431848 0.00650448
0.01345 -0.00625658 0.00689079
0.0136787 -0.00676585 0.00672387
0.0166003 -0.000757222 0.00146703
0.0161087 -0.002862 0.00205081
0.0159394 -0.00260482 0.00407999
0.0163831 -0.00331301 0.00180169
0.0139168 -0.00652824 0.00306541
0.013646 -0.00637167 0.0049211
0.0149369 -0.0047257 0.00256568
0.0140333 -0.00718292 0.00267257
0.014713 -0.00737168 0.00496835
0.015544 -0.00521557 0.0044244
0.0160498 -0.0055644 0.00240222
0.0158961 -0.00492702 0.00481047
0.0127653 0.00623568 -0.00842135
0.0134501 0.00441119 -0.00819569
0.0146006 0.00469285 -0.00623967
0.0136789 0.00408396 -0.00862038
0.013917 0.000713936 -0.00717664
0.0149368 0.000843561 -0.00531061
0.0136458 0.00251586 -0.00764743
0.0140332 0.000125287 -0.0076628
0.0166003 0.00113058 -0.00120293
0.0159392 0.00297837 -0.0038158
0.0161088 0.000979388 -0.00338194
0.0163831 0.000594174 -0.00372409
0.0155438 0.00243281 -0.00639202
0.0147131 0.00222704 -0.00860623
0.01605 0.000409901 -0.00604696
0.0158962 0.00289305 -0.00624877
0.0168315 -0.00206223 -0.00847668
0.0175805 -0.00448336 -0.00554436
0.0176356 -0.00189513 -0.00606967
0.0181232 -0.00161244 -0.00596097
0.0168315 -0.00867946 0.00088115
0.0176357 -0.00635427 0.000236445
0.0175806 -0.00672186 -0.00237883
0.0181232 -0.0061577 0.000466649
0.0177352 -0.00154728 -0.00109409
0.0176347 -0.00171481 -0.003509
0.0176348 -0.00387993 -0.000447079
0.0181874 -0.000999305 -0.000706614
0.0193324 -0.00142697 -0.00351417
0.0188285 -0.00404192 -0.00285807
0.0193324 -0.00378886 -0.00017399
0.0191322 -0.00446002 -0.00315371
0.0295631 -0.0109469 0.0219738
0.0290164 -0.00445585 0.0258917
0.0343625 -0.00754249 0.0171618
0.0308352 -0.01108 0.0227999
0.0253141 0.00992623 0.0314817
0.0331046 0.00739674 0.0243279
0.0282008 0.00255875 0.0298092
0.0294349 0.0046854 0.0303946
0.0412274 0.000738899 0.00549566
0.0391779 -0.0037791 0.0118834
0.0385514 0.00425209 0.0154339
0.040887 -0.00192649 0.0116934
0.0402479 -0.00728703 0.0196363
0.0340534 -0.00371063 0.029752
0.0383251 0.00147328 0.0229483
0.0394954 -0.000628167 0.0244079
0.00530116 0.031076 0.0219742
0.0106495 0.03353 0.0171619
0.0106494 0.0273568 0.0258917
0.00582231 0.032244 0.0228001
0.0212536 0.0353344 0.00549578
0.0229583 0.0312603 0.015434
0.0163163 0.0358187 0.0118834
0.0187753 0.0363726 0.0116935
0.0212537 0.0169595 0.0314818
0.0163163 0.0231433 0.0298092
0.0229583 0.0249711 0.0243279
0.0187753 0.0231487 0.0303946
0.0138131 0.0313463 0.0297519
0.0138131 0.0384989 0.0196364
0.0204387 0.0324538 0.0229483
0.0192035 0.0345178 0.0244079
0.0295633 0.0170683 -0.0176456
0.0343624 0.013666 -0.0128314
0.0290165 0.0229257 -0.0128314
0.0308354 0.0178027 -0.0180461
0.0412274 0.00542767 -0.00113498
0.0385513 0.0159685 -0.00113543
0.0391782 0.00994413 -0.00752415
0.0408872 0.0103825 -0.00571384
0.0253144 0.0329901 -0.00113502
0.0282008 0.0289572 -0.0075239
0.033105 0.0254024 -0.00113537
0.0294352 0.0302182 -0.00571374
0.0340533 0.0268134 -0.0134155
0.040248 0.0160842 -0.0134157
0.0383254 0.0221272 -0.00626015
0.0394952 0.0228026 -0.00872803
0.0631562 0.0083146 0.00587933
0.0593746 0.0137433 0.0212268
0.0593743 0.0245936 0.00588186
0.0642773 0.0149806 0.0105929
0.0387786 0.0223888 0.0456873
0.0415894 0.034862 0.034925
0.0509861 0.0185865 0.0349251
0.0451124 0.0260456 0.0418895
0.0387788 0.0505372 0.00587945
0.050986 0.039123 0.00588174
0.0415893 0.0445482 0.021227
0.0451122 0.0481754 0.0105929
0.0642821 0.0371132 0.0128362
0.0642821 0.0244732 0.0307123
0.0533354 0.0434334 0.0307125
0.0642821 0.0371132 0.0262434
0 -0.00146935 0.0122908
0.00129078 -0.00221485 0.0122901
-0.00129078 -0.00221485 0.0122901
0 -4.29106e-05 0.0126445
0.00401155 -0.00378715 0.0120863
0.00135648 -0.0039266 0.0126243
0.002686 -0.00302189 0.0124687
0.00272588 -0.00179911 0.0129812
-0.00401155 -0.00378715 0.0120863
-0.002686 -0.00302189 0.0124687
-0.00135648 -0.0039266 0.0126243
-0.00272588 -0.00179911 0.0129812
-0.00140759 -0.0010066 0.0135738
0.00140759 -0.0010066 0.0135738
0 -0.00186823 0.0133658
0 -0.00320352 0.0134093
0.0104761 -0.00755731 0.0102903
0.00780418 -0.00861696 0.011789
0.0092385 -0.00684246 0.0116344
0.00939637 -0.00655655 0.0121169
0.00163491 -0.00977094 0.0134221
0.00332689 -0.00835925 0.0138184
0.00483522 -0.00938933 0.0128824
0.00338385 -0.00809937 0.0143381
0.00627192 -0.00512796 0.0134186
0.00769676 -0.00595065 0.0125051
0.00482321 -0.00668265 0.0135684
0.00632909 -0.0045733 0.0139533
0.00831273 -0.00592206 0.0138321
0.00662369 -0.007583 0.0136755
0.00517405 -0.00668926 0.014927
0.00677232 -0.0081606 0.0136982
-0.0104761 -0.00755731 0.0102903
-0.0092385 -0.00684246 0.0116344
-0.00780418 -0.00861696 0.011789
-0.00939637 -0.00655655 0.0121169
-0.00627192 -0.00512796 0.0134186
-0.00482321 -0.00668265 0.0135684
-0.00769676 -0.00595065 0.0125051
-0.00632909 -0.0045733 0.0139533
-0.00163491 -0.00977094 0.0134221
-0.00483522 -0.00938933 0.0128824
-0.00332689 -0.00835925 0.0138184
-0.00338385 -0.00809937 0.0143381
-0.00662369 -0.007583 0.0136755
-0.00831273 -0.00592206 0.0138321
-0.00517405 -0.00668926 0.014927
-0.00677232 -0.0081606 0.0136982
-0.00573056 -0.00434699 0.0175406
-0.00193848 -0.00454772 0.0183162
-0.00386168 -0.00605707 0.0173161
-0.00393619 -0.00657857 0.0175448
0.00573056 -0.00434699 0.0175406
0.00386168 -0.00605707 0.0173161
0.00193848 -0.00454772 0.0183162
0.00393619 -0.00657857 0.0175448
0 -0.00869228 0.0155748
-0.00187495 -0.00738398 0.0163767
0.00187495 -0.00738398 0.0163767
0 -0.00950097 0.0155564
-0.00204535 -0.00855354 0.0176289
0 -0.00682878 0.0182314
0.00204534 -0.00855354 0.0176289
0 -0.006586 0.0187752
0.00961116 -0.00701855 -0.00340416
0.00875009 -0.00801197 -0.0041066
0.0100409 -0.00726665 -0.00199869
0.010312 -0.00599643 -0.00419469
0.00676931 -0.0100115 -0.00551874
0.00849594 -0.00961501 -0.00346463
0.00796548 -0.00917144 -0.00492494
0.00871673 -0.00840565 -0.00570454
0.010781 -0.00769564 0.00103203
0.0106513 -0.00762055 -0.000538646
0.00985253 -0.00883191 -0.00124949
0.0114428 -0.006832 -0.00125323
0.0114961 -0.00683113 -0.00290078
0.0100885 -0.00764387 -0.00519942
0.0103738 -0.0078576 -0.00357454
0.0100238 -0.00899075 -0.00295961
0.000982289 -0.0141729 -0.0084213
0.00323615 -0.0149908 -0.00623974
0.00290493 -0.0138536 -0.00819575
0.00330262 -0.0138882 -0.00862032
0.00732097 -0.0149418 -0.00120295
0.00720611 -0.0144402 -0.003382
0.00539048 -0.015293 -0.00381587
0.00767687 -0.0144854 -0.00372413
0.00634005 -0.0124095 -0.00717657
0.00464413 -0.0130756 -0.00764759
0.00673795 -0.0133575 -0.00531065
0.00690821 -0.0122157 -0.00766299
0.0054278 -0.0138555 -0.00860635
0.00566525 -0.0146778 -0.00639217
0.00766985 -0.0141046 -0.00604677
0.00544253 -0.0152131 -0.00624864
0.0114585 -0.0081244 0.00868616
0.0121434 -0.00851972 0.00689079
0.0110403 -0.0104852 0.00650444
0.012699 -0.00846321 0.0067239
0.012612 -0.00878831 0.00306541
0.0115608 -0.0105727 0.00256552
0.0123409 -0.00863186 0.00492106
0.0132371 -0.00856154 0.00267239
0.00895592 -0.0139976 0.00146706
0.0102255 -0.0125015 0.00408002
0.0105331 -0.0125195 0.00205067
0.0110606 -0.0125317 0.00180169
0.0122889 -0.0108538 0.00442446
0.0137407 -0.009056 0.0049684
0.0128439 -0.0111173 0.00240204
0.012215 -0.0113029 0.00481051
0.0159324 -0.0102369 0.000881257
0.0146115 -0.0118644 -0.00237882
0.0143207 -0.0120958 0.000236457
0.0143942 -0.0126164 0.000466735
0.0102017 -0.0135453 -0.00847659
0.010459 -0.0143255 -0.00606969
0.0126731 -0.0129834 -0.00554449
0.0104581 -0.0148888 -0.00596111
0.0102077 -0.0145856 -0.0010941
0.0121776 -0.013332 -0.000447149
0.0103025 -0.0144146 -0.00350908
0.00995913 -0.0152509 -0.000706679
0.0129475 -0.0148479 -0.000173979
0.0129147 -0.0142849 -0.00285802
0.010902 -0.016029 -0.00351415
0.0134287 -0.0143391 -0.00315365
-0.00961116 -0.00701855 -0.00340417
-0.0100409 -0.00726665 -0.00199869
-0.00875008 -0.00801197 -0.0041066
-0.010312 -0.00599643 -0.00419469
-0.010781 -0.00769564 0.00103203
-0.00985253 -0.00883191 -0.00124949
-0.0106513 -0.00762055 -0.000538646
-0.0114428 -0.006832 -0.00125323
-0.00676931 -0.0100115 -0.00551874
-0.00796548 -0.00917144 -0.00492494
-0.00849594 -0.00961501 -0.00346463
-0.00871673 -0.00840565 -0.00570454
-0.0100885 -0.00764387 -0.00519942
-0.0114961 -0.00683113 -0.00290078
-0.0103738 -0.0078576 -0.00357454
-0.0100238 -0.00899075 -0.00295961
-0.0114585 -0.0081244 0.00868616
-0.0110403 -0.0104852 0.00650444
-0.0121434 -0.00851972 0.00689079
-0.012699 -0.00846321 0.0067239
-0.00895592 -0.0139976 0.00146706
-0.0105331 -0.0125195 0.00205067
-0.0102255 -0.0125015 0.00408002
-0.0110606 -0.0125317 0.00180169
-0.012612 -0.00878831 0.00306541
-0.0123409 -0.00863186 0.00492106
-0.0115608 -0.0105727 0.00256552
-0.0132371 -0.00856154 0.00267239
-0.0137407 -0.009056 0.0049684
-0.0122889 -0.0108538 0.00442446
-0.0128439 -0.0111173 0.00240204
-0.012215 -0.0113029 0.00481051
-0.000982289 -0.0141729 -0.0084213
-0.00290493 -0.0138536 -0.00819575
-0.00323615 -0.0149908 -0.00623974
-0.00330262 -0.0138882 -0.00862032
-0.00634005 -0.0124095 -0.00717657
-0.00673795 -0.0133575 -0.00531065
-0.00464413 -0.0130756 -0.00764759
-0.00690821 -0.0122157 -0.00766299
-0.00732097 -0.0149418 -0.00120295
-0.00539048 -0.015293 -0.00381587
-0.00720611 -0.0144402 -0.003382
-0.00767687 -0.0144854 -0.00372413
-0.00566525 -0.0146778 -0.00639217
-0.0054278 -0.0138555 -0.00860635
-0.00766985 -0.0141046 -0.00604677
-0.00544253 -0.0152131 -0.00624864
-0.0102017 -0.0135453 -0.00847659
-0.0126731 -0.0129834 -0.00554449
-0.010459 -0.0143255 -0.00606969
-0.0104581 -0.0148888 -0.00596111
-0.0159324 -0.0102369 0.000881256
-0.0143207 -0.0120958 0.000236457
-0.0146115 -0.0118644 -0.00237882
-0.0143942 -0.0126164 0.000466735
-0.0102077 -0.0145856 -0.0010941
-0.0103025 -0.0144146 -0.00350908
-0.0121776 -0.013332 -0.000447149
-0.00995913 -0.0152509 -0.000706679
-0.010902 -0.016029 -0.00351415
-0.0129147 -0.0142849 -0.00285802
-0.0129475 -0.0148479 -0.000173978
-0.0134287 -0.0143391 -0.00315365
-0.0242621 -0.0201292 0.0219743
-0.0183671 -0.0229011 0.0258919
-0.023713 -0.0259875 0.0171616
-0.0250133 -0.0211642 0.0228002
-0.00406034 -0.0268859 0.0314818
-0.0101467 -0.0323679 0.0243278
-0.0118848 -0.0257021 0.0298092
-0.0106599 -0.0278343 0.0303946
-0.0199738 -0.0360735 0.0054958
-0.0228619 -0.0320397 0.0118834
-0.0155931 -0.0355126 0.0154338
-0.022112 -0.0344463 0.0116934
-0.0264346 -0.0312121 0.0196362
-0.0202401 -0.0276358 0.0297521
-0.0178864 -0.0339271 0.0229483
-0.0202915 -0.0338899 0.0244079
0.0242621 -0.0201292 0.0219743
0.023713 -0.0259875 0.0171616
0.0183671 -0.0229011 0.0258919
0.0250133 -0.0211642 0.0228002
0.0199738 -0.0360735 0.0054958
0.0155931 -0.0355126 0.0154338
0.0228619 -0.0320397 0.0118834
0.022112 -0.0344463 0.0116934
0.00406034 -0.0268859 0.0314818
0.0118848 -0.025702 0.0298092
0.0101467 -0.0323679 0.0243278
0.0106599 -0.0278343 0.0303946
0.0202401 -0.0276358 0.0297521
0.0264346 -0.0312121 0.0196362
0.0178864 -0.0339271 0.0229483
0.0202915 -0.0338899 0.0244079
0 -0.0341368 -0.0176457
-0.00534589 -0.0365916 -0.0128314
0.00534589 -0.0365916 -0.0128314
0 -0.0356054 -0.0180461
-0.0159132 -0.038418 -0.00113524
-0.00544656 -0.0413709 -0.00113558
-0.0109772 -0.0389012 -0.00752391
-0.0114521 -0.0406008 -0.00571401
0.0159132 -0.038418 -0.00113524
0.0109772 -0.0389012 -0.00752391
0.00544656 -0.0413709 -0.00113558
0.0114521 -0.0406008 -0.00571401
0.00619437 -0.0428977 -0.0134156
-0.00619437 -0.0428977 -0.0134156
-0 -0.0442544 -0.00626031
-0 -0.0456052 -0.00872823
-0.0243772 -0.058852 0.00587945
-0.0177852 -0.0582916 0.0212267
-0.00838841 -0.0637166 0.00588183
-0.019165 -0.0631558 0.0105929
0 -0.0447776 0.0456876
0.00939669 -0.0534485 0.0349247
-0.00939669 -0.0534485 0.0349247
0 -0.0520912 0.0418891
0.0243772 -0.058852 0.00587945
0.00838841 -0.0637166 0.00588183
0.0177852 -0.0582916 0.0212267
0.019165 -0.0631558 0.0105929
0 -0.0742268 0.0128363
-0.0109467 -0.0679069 0.0307123
0.0109467 -0.0679069 0.0307123
0 -0.0742271 0.0262433
